n=35:
Sync: 24.32792091369629
Threads: 25.35669231414795
Multiprocessors: 11.62483263015747
